Zeitstempel,Wassertemperatur,Lufttemperatur,Luftfeuchtigkeit
2023-11-02T05:13:20.320Z,37.00,20.00,60.00
2023-11-02T05:13:21.320Z,37.00,20.00,60.00
2023-11-02T05:13:22.322Z,37.00,20.00,60.00
2023-11-02T05:13:23.323Z,37.00,20.00,60.00
2023-11-02T05:13:24.325Z,37.00,20.00,60.00
2023-11-02T05:13:25.325Z,37.00,20.00,60.00
2023-11-02T05:13:26.327Z,37.00,20.00,60.00
2023-11-02T05:13:27.329Z,37.00,20.00,60.00
2023-11-02T05:13:28.330Z,37.00,20.00,60.00
2023-11-02T05:13:29.332Z,37.00,20.00,60.00
2023-11-02T05:13:30.332Z,37.00,20.00,60.00
2023-11-02T05:13:31.333Z,37.00,20.00,60.00
2023-11-02T05:13:32.335Z,37.00,20.00,60.00
2023-11-02T05:13:33.336Z,37.00,20.00,60.00
2023-11-02T05:13:34.337Z,37.00,20.00,60.00
2023-11-02T05:13:35.339Z,37.00,20.00,60.00
2023-11-02T05:13:36.341Z,37.00,20.00,60.00
2023-11-02T05:13:37.342Z,37.00,20.00,60.00
2023-11-02T05:13:38.343Z,37.00,20.00,60.00
2023-11-02T05:13:39.344Z,37.00,20.00,60.00
2023-11-02T05:13:40.346Z,37.00,20.00,60.00
2023-11-02T05:13:41.347Z,37.00,20.00,60.00
2023-11-02T05:13:42.349Z,37.00,20.00,60.00
2023-11-02T05:13:43.350Z,37.00,20.00,60.00
2023-11-02T05:13:44.351Z,37.00,20.00,60.00
2023-11-02T05:13:45.353Z,37.00,20.00,60.00
2023-11-02T05:13:46.354Z,37.00,20.00,60.00
